# Matrix: Random_12x12_2 12x12
# Generated by Matrix Operations System
34.000000 7.540000 -8.480000 -1.970000 -0.120000 -5.440000 -8.370000 6.710000 -8.070000 3.790000 -9.020000 -3.400000
-7.090000 -5.130000 -9.880000 0.520000 1.250000 4.970000 -2.160000 4.770000 -7.740000 2.100000 -4.030000 9.950000
-7.910000 6.710000 4.420000 -0.420000 -1.470000 -7.200000 -6.910000 3.910000 -9.660000 -5.390000 -8.060000 3.740000
2.700000 -2.900000 3.980000 4.630000 -9.110000 4.960000 -8.770000 -2.680000 -6.650000 -5.120000 -8.640000 4.610000
9.850000 -0.790000 2.900000 -4.360000 -8.690000 8.880000 -4.410000 -6.600000 9.110000 -6.460000 6.500000 1.170000
-3.660000 -6.880000 -4.920000 -3.320000 1.250000 0.550000 -6.060000 -6.050000 7.650000 7.920000 -7.890000 8.540000
6.400000 -3.140000 -0.610000 9.760000 1.740000 0.750000 7.890000 5.120000 -6.520000 0.790000 -9.240000 -1.690000
3.190000 -0.130000 5.240000 2.310000 3.410000 1.740000 -6.520000 9.750000 8.380000 2.080000 -0.050000 -0.360000
-7.370000 3.900000 7.110000 -9.720000 5.340000 9.220000 -7.650000 5.270000 -3.910000 1.740000 8.550000 -8.650000
3.260000 7.490000 7.560000 3.900000 -7.490000 0.040000 -0.840000 -2.000000 -7.350000 2.340000 -6.960000 3.600000
-6.690000 3.850000 2.160000 -9.260000 -8.860000 -0.890000 -6.110000 3.520000 -5.910000 -7.140000 1.330000 3.800000
-6.480000 -6.230000 -9.270000 -2.320000 7.690000 -3.530000 0.740000 0.950000 -2.520000 -1.700000 -5.150000 -0.010000
