# Matrix: Random_12x12_1 12x12
# Generated by Matrix Operations System
-4.930000 9.620000 -6.940000 -6.140000 -0.320000 -0.600000 -7.830000 -0.490000 1.240000 -6.680000 4.550000 -7.560000
-8.620000 6.460000 2.080000 4.260000 -3.770000 7.980000 4.610000 -9.530000 -9.870000 -9.120000 -3.980000 1.300000
-2.220000 5.760000 -2.400000 9.430000 2.970000 8.400000 -4.290000 -8.440000 8.020000 2.290000 -4.580000 -2.300000
-8.310000 1.110000 7.210000 6.460000 7.960000 5.290000 8.900000 -7.140000 1.750000 4.500000 7.120000 -8.500000
2.480000 5.260000 -4.510000 2.610000 9.660000 1.520000 -2.570000 0.960000 0.800000 8.550000 3.910000 -2.710000
6.950000 -6.850000 -1.140000 4.970000 5.440000 7.800000 -3.810000 -9.340000 -1.080000 -3.070000 -9.360000 0.400000
-6.690000 2.740000 -6.060000 0.980000 4.640000 -2.130000 2.340000 6.770000 5.260000 -3.460000 -7.180000 8.310000
6.310000 -8.160000 7.630000 -4.960000 -2.330000 8.050000 8.380000 -0.360000 -0.640000 -0.230000 -7.620000 -9.650000
4.240000 8.630000 -7.260000 -7.970000 1.170000 -3.100000 -0.260000 2.770000 -1.880000 3.680000 -2.720000 -7.240000
1.410000 2.770000 4.720000 6.400000 -0.950000 -9.420000 9.750000 -0.620000 -0.100000 -6.080000 7.830000 -7.870000
-2.610000 4.200000 -3.960000 9.520000 -0.230000 5.500000 9.320000 -4.800000 -7.690000 6.900000 -0.180000 -8.040000
1.310000 -2.140000 -2.540000 -9.050000 6.250000 -7.610000 -2.220000 -0.980000 -9.360000 -5.810000 -8.400000 -8.780000
